A1_CNV-Int	A2_CNV-Int	A3_CNV-Int	Gene	SNV	MinA1	TinA1	MinA2	TinA2	MinA3	TinA3	sex
2	2	2	APLP2	chr11.129993531.C.T	1	1887	2	1417	138	1468	M
2	2	2	ARHGEF16	chr1.3383856.C.A	1059	2068	708	1496	963	2100	M
2	2	2	ATG9B	chr7.150716044.C.T	311	646	238	524	73	583	M
2	2	2	BCOR	chrX.39931977.T.C	25	1863	151	1714	1	1997	M
2	2	2	BRD1	chr22.50216919.T.A	0	1367	0	1112	283	1933	M
2	2	2	C15orf44	chr15.65871677.C.G	1305	2648	893	2051	208	2425	M
2	2	2	C18orf34	chr18.30873186.T.G	442	3709	0	3133	0	3076	M
2	2	2	C1orf91	chr1.32682922.GA.-	3619	7549	2646	5709	2300	6397	M
2	2	2	CCIN	chr9.36170166.A.C	0	2919	0	2259	352	2686	M
2	2	2	CDR2	chr16.22357695.G.T	1533	3199	1235	2718	725	2804	M
2	2	2	CMYA5	chr5.79034662.C.T	1179	2400	875	1842	233	1880	M
1	1	2	COMMD9	chr11.36295675.G.A	1364	1426	1057	1149	998	1947	M
2	2	2	CRTC1	chr19.18892602.A.G	0	1125	0	1023	134	1053	M
2	2	2	CXorf59	chrX.36103580.C.G	345	2397	0	2255	0	2961	M
2	2	2	DLG1	chr3.196812542.T.A	1455	3091	1174	2668	260	3315	M
2	2	2	DMD	chrX.31200879.T.C	710	1398	946	1532	138	1549	M
2	2	2	DMXL1	chr5.118485651.A.C	1168	2319	773	1896	79	1957	M
2	2	2	DNAJA2	chr16.46991011.GCTTCACGCCTCTG.-	1207	4677	901	3845	177	4491	M
2	2	2	FLG	chr1.152279682.G.A	771	1520	582	1279	120	1357	M
2	2	2	FMR1	chrX.147019018.A.G	40	2594	409	2416	1	3130	M
2	2	2	FN1	chr2.216292968.-.T	0	6841	0	5717	492	7679	M
3	3	3	GPR133	chr12.131438590.A.G	1025	3278	840	2691	150	2489	M
1	1	2	GRIN2B	chr12.13716208.C.T	550	1495	1	753	0	1772	M
2	2	2	GUCY2F	chrX.108631735.C.T	1436	2924	1011	2274	970	3122	M
2	2	2	H3F3A	chr1.226252135.A.T	748	1370	546	1072	624	1510	M
2	2	2	HIVEP1	chr6.12125522.A.G	0	3063	1	2569	396	3274	M
2	2	2	HTATSF1	chrX.135593621.G.A	1015	2359	1024	2295	1058	2864	M
2	2	2	HTR4	chr5.147902910.C.T	606	1746	0	1591	0	1531	M
1	1	2	IGF2	chr11.2156612.G.A	1242	1274	903	994	771	1395	M
2	2	2	ITGAV	chr2.187544331.T.A	1489	2932	1266	2519	265	3947	M
2	2	2	IVNS1ABP	chr1.185278017.AAAAAAGTTACTTATGATA.-	1176	3950	1010	3779	300	7716	M
2	2	2	KIAA1671	chr22.25588764.A.G	1192	2570	1041	2235	235	2353	M
2	2	2	KIAA1715	chr2.176829290.AAGT.-	3343	7413	2908	6460	2980	8415	M
2	2	2	KRT32	chr17.39623464.G.T	1013	2115	809	1655	167	1960	M
2	2	2	LEMD2	chr6.33756789.C.T	166	406	120	288	22	363	M
2	2	2	LOC158572	chrX.49642793.G.T	640	1600	500	1342	101	1723	M
2	1	2	LRBA	chr4.151773671.G.C	112	2200	0	1954	0	3155	M
2	2	2	MAGEC1	chrX.140995493.A.T	428	808	374	696	98	890	M
2	2	2	MREG	chr2.216877984.C.T	511	1188	410	920	461	1015	M
2	2	2	MUC16	chr19.9059616.C.A	1	2365	1	2061	3	2085	M
2	2	2	MYO15A	chr17.18051534.C.T	1	1858	0	1506	245	1769	M
2	2	2	MYO9B	chr19.17313121.C.T	651	1059	516	906	76	892	M
2	1	2	MYOZ2	chr4.120107884.C.T	94	1839	0	2014	0	3183	M
2	2	2	NF1	chr17.29670133.T.-	0	8192	0	5905	991	8231	M
2	2	2	NKAIN1	chr1.31660985.G.T	647	1913	2	1594	3	1503	M
2	2	2	NLK	chr17.26495595.A.T	1389	2842	1058	2402	264	3058	M
2	2	2	OLFML2B	chr1.161953283.A.G	1295	2436	977	2162	319	3396	M
2	2	2	OTUD5	chrX.48781249.C.T	764	1922	666	1559	498	1479	M
2	2	2	PCDHB7	chr5.140553146.C.T	821	1813	762	1459	178	1532	M
2	2	2	PIK3R1	chr5.67595212.C.G	751	2112	5	1776	0	1962	M
2	2	2	PPFIA4	chr1.203044785.G.A	723	1288	545	962	664	1633	M
2	2	2	PPHLN1	chr12.42778795.A.G	689	2188	1	1802	0	1953	M
3	3	3	PPM1H	chr12.63040860.G.C	1	4309	1	3660	375	4054	M
2	2	2	PREX2	chr8.69104739.T.A	1328	2838	1109	2370	263	3314	M
2	2	2	PRKAB2	chr1.146627425.G.A	0	2739	0	2176	423	3528	M
2	2	2	RBM16	chr6.155143454.C.-	3256	6609	2317	5307	545	6978	M
2	2	2	RNF11	chr1.51738218.T.G	0	3414	0	2980	492	3591	M
2	2	2	RTKN	chr2.74667060.G.C	188	2249	40	1753	0	2213	M
2	2	2	SH3TC2	chr5.148407493.C.A	0	2216	1	1740	0	1693	M
2	2	2	SHPRH	chr6.146244901.C.A	0	3157	2	2508	451	3349	M
1	2	2	SLC22A9	chr11.63141413.G.A	4	1886	0	1603	776	2386	M
2	2	2	SLC6A7	chr5.149590250.T.C	808	1632	626	1312	133	1391	M
2	2	2	SNRPD3	chr22.24951675.C.A	767	1674	570	1224	146	1624	M
2	2	2	SPECC1	chr17.20000064.A.G	1229	2646	983	2208	205	2846	M
2	2	2	SRSF3	chr6.36567635.T.G	1032	2569	81	1876	12	1969	M
2	2	2	SSPO	chr7.149500126.C.T	207	1295	0	944	1	1139	M
2	2	2	STK11IP	chr2.220470410.T.A	270	722	0	646	0	836	M
2	2	2	STK40	chr1.36806139.G.A	342	875	282	736	48	944	M
2	2	2	STON1	chr2.48823606.T.C	162	3312	1168	2940	98	3745	M
3	3	3	STX2	chr12.131285743.C.T	1478	4757	1330	4214	319	4188	M