A1_CNV-Int	A2_CNV-Int	A3_CNV-Int	Gene	SNV	MinA1	TinA1	MinA2	TinA2	MinA3	TinA3	sex
1	1	2	ABCC13	chr21.15673022.G.T	1623	1917	1330	1821	368	3454	F
2	2	2	ACTL8	chr1.18152558.G.A	1081	2171	796	1649	783	1989	F
2	1	2	ADAD1	chr4.123317495.A.G	1924	1988	1704	1861	1246	2972	F
2	2	2	AFF3	chr2.100164569.G.C	1559	3269	1292	2811	1575	3530	F
2	2	2	ALS2CR12	chr2.202154251.G.T	1263	2530	1000	2042	205	2459	F
2	2	2	AMIGO2	chr12.47471310.T.A	1206	2702	1113	2307	202	3895	F
2	2	2	APLP2	chr11.129993531.C.T	1	1887	2	1417	138	1468	F
2	2	2	ARHGEF16	chr1.3383856.C.A	1059	2068	708	1496	963	2100	F
2	2	2	ATG9B	chr7.150716044.C.T	311	646	238	524	73	583	F
2	2	2	BCOR	chrX.39931977.T.C	25	1863	151	1714	1	1997	F
2	2	2	BRD1	chr22.50216919.T.A	0	1367	0	1112	283	1933	F
2	2	2	C15orf44	chr15.65871677.C.G	1305	2648	893	2051	208	2425	F
2	2	2	C18orf34	chr18.30873186.T.G	442	3709	0	3133	0	3076	F
2	2	2	C1orf91	chr1.32682922.GA.-	3619	7549	2646	5709	2300	6397	F
2	2	2	CCIN	chr9.36170166.A.C	0	2919	0	2259	352	2686	F
2	2	2	CDR2	chr16.22357695.G.T	1533	3199	1235	2718	725	2804	F
2	2	2	CMYA5	chr5.79034662.C.T	1179	2400	875	1842	233	1880	F
1	1	2	COMMD9	chr11.36295675.G.A	1364	1426	1057	1149	998	1947	F
2	2	2	CRTC1	chr19.18892602.A.G	0	1125	0	1023	134	1053	F
2	2	2	CXorf59	chrX.36103580.C.G	345	2397	0	2255	0	2961	F
2	2	2	DLG1	chr3.196812542.T.A	1455	3091	1174	2668	260	3315	F
2	2	2	DMD	chrX.31200879.T.C	710	1398	946	1532	138	1549	F
2	2	2	DMXL1	chr5.118485651.A.C	1168	2319	773	1896	79	1957	F
2	2	2	DNAJA2	chr16.46991011.GCTTCACGCCTCTG.-	1207	4677	901	3845	177	4491	F
2	2	2	EMD	chrX.153609774.T.G	384	896	402	808	261	845	F
1	2	2	ENTPD7	chr10.101464767.T.G	1770	2144	1089	1847	254	2694	F
2	2	2	ERMP1	chr9.5801278.T.C	43	3373	392	2518	1	3089	F
2	2	2	ESRP2	chr16.68264892.G.T	1	1297	1	1131	159	974	F
2	2	2	EXOC2	chr6.532610.C.T	1613	3314	1350	2944	263	3548	F
2	2	2	EXOC2	chr6.532611.C.A	1625	3323	1337	2929	266	3553	F
2	2	2	EYS	chr6.66063466.C.G	1353	2862	1159	2480	1408	3578	F
2	2	2	FAM176A	chr2.75720362.C.T	1015	2059	828	1694	202	1997	F
2	2	2	FCGBP	chr19.40421227.T.G	0	1680	1	1390	180	1309	F
2	1	2	FHDC1	chr4.153897678.G.T	1004	1103	939	1041	173	1719	F
2	2	2	FLG	chr1.152279682.G.A	771	1520	582	1279	120	1357	F
2	2	2	FMR1	chrX.147019018.A.G	40	2594	409	2416	1	3130	F
2	2	2	FN1	chr2.216292968.-.T	0	6841	0	5717	492	7679	F
3	3	3	GPR133	chr12.131438590.A.G	1025	3278	840	2691	150	2489	F
1	1	2	GRIN2B	chr12.13716208.C.T	550	1495	1	753	0	1772	F
2	2	2	GUCY2F	chrX.108631735.C.T	1436	2924	1011	2274	970	3122	F
2	2	2	H3F3A	chr1.226252135.A.T	748	1370	546	1072	624	1510	F
2	2	2	HIVEP1	chr6.12125522.A.G	0	3063	1	2569	396	3274	F
2	2	2	HTATSF1	chrX.135593621.G.A	1015	2359	1024	2295	1058	2864	F
2	2	2	HTR4	chr5.147902910.C.T	606	1746	0	1591	0	1531	F
1	1	2	IGF2	chr11.2156612.G.A	1242	1274	903	994	771	1395	F
2	2	2	ITGAV	chr2.187544331.T.A	1489	2932	1266	2519	265	3947	F
2	2	2	IVNS1ABP	chr1.185278017.AAAAAAGTTACTTATGATA.-	1176	3950	1010	3779	300	7716	F
2	2	2	KIAA1671	chr22.25588764.A.G	1192	2570	1041	2235	235	2353	F
2	2	2	KIAA1715	chr2.176829290.AAGT.-	3343	7413	2908	6460	2980	8415	F
2	2	2	KRT32	chr17.39623464.G.T	1013	2115	809	1655	167	1960	F
2	2	2	LEMD2	chr6.33756789.C.T	166	406	120	288	22	363	F
2	2	2	LOC158572	chrX.49642793.G.T	640	1600	500	1342	101	1723	F
2	1	2	LRBA	chr4.151773671.G.C	112	2200	0	1954	0	3155	F
2	2	2	MAGEC1	chrX.140995493.A.T	428	808	374	696	98	890	F
2	2	2	MREG	chr2.216877984.C.T	511	1188	410	920	461	1015	F
2	2	2	MUC16	chr19.9059616.C.A	1	2365	1	2061	3	2085	F
2	2	2	MYO15A	chr17.18051534.C.T	1	1858	0	1506	245	1769	F
2	2	2	MYO9B	chr19.17313121.C.T	651	1059	516	906	76	892	F
2	1	2	MYOZ2	chr4.120107884.C.T	94	1839	0	2014	0	3183	F
2	2	2	NF1	chr17.29670133.T.-	0	8192	0	5905	991	8231	F
2	2	2	NKAIN1	chr1.31660985.G.T	647	1913	2	1594	3	1503	F
2	2	2	NLK	chr17.26495595.A.T	1389	2842	1058	2402	264	3058	F
2	2	2	OLFML2B	chr1.161953283.A.G	1295	2436	977	2162	319	3396	F
2	2	2	OTUD5	chrX.48781249.C.T	764	1922	666	1559	498	1479	F
2	2	2	PCDHB7	chr5.140553146.C.T	821	1813	762	1459	178	1532	F
2	2	2	PIK3R1	chr5.67595212.C.G	751	2112	5	1776	0	1962	F
2	2	2	PPFIA4	chr1.203044785.G.A	723	1288	545	962	664	1633	F
2	2	2	PPHLN1	chr12.42778795.A.G	689	2188	1	1802	0	1953	F
3	3	3	PPM1H	chr12.63040860.G.C	1	4309	1	3660	375	4054	F
2	2	2	PREX2	chr8.69104739.T.A	1328	2838	1109	2370	263	3314	F
2	2	2	PRKAB2	chr1.146627425.G.A	0	2739	0	2176	423	3528	F
2	2	2	PROKR1	chr2.68873350.G.A	50	2389	364	1955	2	2367	F
2	2	2	PRRC2A	chr6.31595636.TGGCAGTG.-	1046	4376	911	3585	127	4953	F
2	2	2	PTAR1	chr9.72328709.G.A	1470	2961	1000	2201	1055	2842	F
2	2	2	PUM1	chr1.31405387.C.A	1099	2189	858	1692	202	2101	F
2	2	2	RAB4A	chr1.229434744.A.G	788	3007	1	2555	0	3689	F
2	2	2	RASGRF1	chr15.79277433.G.T	195	2441	24	1812	2	2311	F
2	2	2	RBFOX3	chr17.77086284.C.T	612	1841	4	1439	3	1759	F
2	2	2	RBM10	chrX.47030581.AGG.-	164	2709	193	2479	147	2273	F
2	2	2	RBM16	chr6.155143454.C.-	3256	6609	2317	5307	545	6978	F
2	2	2	RNF11	chr1.51738218.T.G	0	3414	0	2980	492	3591	F
2	2	2	RTKN	chr2.74667060.G.C	188	2249	40	1753	0	2213	F
2	2	2	SH3TC2	chr5.148407493.C.A	0	2216	1	1740	0	1693	F
2	2	2	SHPRH	chr6.146244901.C.A	0	3157	2	2508	451	3349	F
1	2	2	SLC22A9	chr11.63141413.G.A	4	1886	0	1603	776	2386	F
2	2	2	SLC6A7	chr5.149590250.T.C	808	1632	626	1312	133	1391	F
2	2	2	SNRPD3	chr22.24951675.C.A	767	1674	570	1224	146	1624	F
2	2	2	SPECC1	chr17.20000064.A.G	1229	2646	983	2208	205	2846	F
2	2	2	SRSF3	chr6.36567635.T.G	1032	2569	81	1876	12	1969	F
2	2	2	SSPO	chr7.149500126.C.T	207	1295	0	944	1	1139	F
2	2	2	STK11IP	chr2.220470410.T.A	270	722	0	646	0	836	F
2	2	2	STK40	chr1.36806139.G.A	342	875	282	736	48	944	F
2	2	2	STON1	chr2.48823606.T.C	162	3312	1168	2940	98	3745	F
3	3	3	STX2	chr12.131285743.C.T	1478	4757	1330	4214	319	4188	F
2	2	2	SUGP1	chr19.19389577.G.T	177	2021	42	1685	0	1609	F
1	1	2	SYNJ1	chr21.34002489.G.T	108	1633	226	1580	98	2176	F
2	1	2	TACR3	chr4.104577505.T.C	1814	1902	1814	1991	1375	3187	F
2	2	2	TBCC	chr6.42713356.TACTTTGGTAGACGAAGCAGCATC.-	777	3336	561	2656	88	3718	F
2	2	2	TCOF1	chr5.149748434.C.T	17	1868	62	1457	1	1695	F
1	1	2	TECTA	chr11.121008354.G.T	1048	1530	1	1162	1	1997	F
2	2	2	UBE2A	chrX.118714826.C.A	1355	3153	1359	2883	188	2717	F
2	1	2	USP53	chr4.120177501.C.G	1858	1964	1795	2009	312	3296	F
2	2	2	VPS13A	chr9.79959167.A.T	1447	3109	1117	2409	317	3294	F
3	2	2	VWF	chr12.6230469.A.G	0	2954	0	1777	153	2166	F
2	2	2	ZNF449	chrX.134495770.G.T	1279	2753	1245	2705	246	3509	F
2	2	2	ZNF665	chr19.53667880.A.G	457	1346	1	928	0	1217	F